3,3
3,4
3,5
3,6
3,7
3,8
3,9
3,10
3,11
3,12
3,13
3,14
3,15
3,16
3,17
3,18
3,19
3,20
3,21
3,22
3,23
3,24
3,25
3,26
3,27
3,28
3,29
3,30
3,31
3,32
3,33
3,34
3,35
3,36
3,37
3,38
3,39
3,40
3,41
3,42
3,43
3,44
3,45
3,46
3,47
3,48
3,49
3,50
3,51
3,52
3,53
3,54
3,55
3,56
3,57
3,58
3,59
3,60
3,61
3,62
3,63
3,64
3,65
3,66
3,67
3,68
3,69
3,70
3,71
3,72
3,73
3,74
3,75
3,76
3,77
3,78
3,79
3,80
3,81
3,82
3,83
3,84
3,85
3,86
3,87
3,88
3,89
3,90
3,91
3,92
3,93
3,94
3,95
3,96
3,97
3,98
3,99
3,100
3,101
3,102
3,103
3,104
3,105
3,106
3,107
3,108
3,109
3,110
3,111
3,112
3,113
3,114
3,115
3,116
3,117
3,118
3,119
3,120
3,121
3,122
3,123
3,124
3,125
3,126
3,127
3,128
3,129
3,130
3,131
3,132
3,133
3,134
3,135
3,136
3,137
3,138
3,139
3,140
3,141
3,142
3,143
3,144
3,145
3,146
3,147
3,148
3,149
3,150
4,3
4,4
4,5
4,6
4,7
4,8
4,9
4,10
4,11
4,12
4,13
4,14
4,15
4,138
4,139
4,140
4,141
4,142
4,143
4,144
4,145
4,146
4,147
4,148
4,149
4,150
5,3
5,4
5,5
5,6
5,7
5,8
5,9
5,10
5,11
5,12
5,13
5,14
5,15
5,138
5,139
5,140
5,141
5,142
5,143
5,144
5,145
5,146
5,147
5,148
5,149
5,150
6,3
6,4
6,5
6,6
6,7
6,8
6,9
6,10
6,11
6,12
6,13
6,14
6,15
6,16
6,17
6,18
6,19
6,20
6,21
6,22
6,23
6,24
6,25
6,26
6,27
6,28
6,29
6,30
6,31
6,32
6,33
6,34
6,35
6,36
6,37
6,38
6,39
6,40
6,41
6,42
6,43
6,44
6,45
6,46
6,47
6,48
6,49
6,50
6,51
6,52
6,53
6,54
6,55
6,56
6,57
6,58
6,59
6,60
6,61
6,62
6,63
6,64
6,65
6,66
6,67
6,68
6,69
6,70
6,71
6,72
6,73
6,74
6,75
6,76
6,77
6,78
6,79
6,80
6,81
6,82
6,83
6,84
6,85
6,86
6,87
6,88
6,89
6,90
6,91
6,92
6,93
6,94
6,95
6,96
6,97
6,98
6,99
6,100
6,101
6,102
6,103
6,104
6,105
6,106
6,107
6,108
6,109
6,110
6,111
6,112
6,113
6,114
6,115
6,116
6,117
6,118
6,119
6,120
6,121
6,122
6,123
6,124
6,125
6,126
6,127
6,128
6,129
6,130
6,131
6,132
6,133
6,134
6,135
6,136
6,137
6,138
6,139
6,140
6,141
6,142
6,143
6,144
6,145
6,146
6,147
6,148
6,149
6,150
7,3
7,4
7,5
7,6
7,147
7,148
7,149
7,150
8,3
8,4
8,5
8,6
8,147
8,148
8,149
8,150
9,3
9,4
9,5
9,6
9,147
9,148
9,149
9,150
10,3
10,4
10,5
10,6
10,147
10,148
10,149
10,150
11,3
11,4
11,5
11,6
11,147
11,148
11,149
11,150
12,3
12,4
12,5
12,6
12,147
12,148
12,149
12,150
13,3
13,4
13,5
13,6
13,147
13,148
13,149
13,150
14,3
14,4
14,5
14,6
14,147
14,148
14,149
14,150
15,3
15,4
15,5
15,6
15,147
15,148
15,149
15,150
16,3
16,6
16,147
16,150
17,3
17,6
17,147
17,150
18,3
18,6
18,147
18,150
19,3
19,6
19,147
19,150
20,3
20,6
20,147
20,150
21,3
21,6
21,147
21,150
22,3
22,6
22,147
22,150
23,3
23,6
23,147
23,150
24,3
24,6
24,147
24,150
25,3
25,6
25,147
25,150
26,3
26,6
26,147
26,150
27,3
27,6
27,147
27,150
28,3
28,6
28,147
28,150
29,3
29,6
29,147
29,150
30,3
30,6
30,147
30,150
31,3
31,6
31,36
31,45
31,54
31,63
31,72
31,90
31,99
31,108
31,117
31,126
31,147
31,150
32,3
32,6
32,33
32,35
32,36
32,37
32,39
32,42
32,44
32,45
32,46
32,48
32,51
32,53
32,54
32,55
32,57
32,60
32,62
32,63
32,64
32,66
32,69
32,71
32,72
32,73
32,75
32,87
32,89
32,90
32,91
32,93
32,96
32,98
32,99
32,100
32,102
32,105
32,107
32,108
32,109
32,111
32,114
32,116
32,117
32,118
32,120
32,123
32,125
32,126
32,127
32,129
32,147
32,150
33,3
33,6
33,30
33,31
33,32
33,33
33,34
33,35
33,36
33,37
33,38
33,39
33,40
33,41
33,42
33,43
33,44
33,45
33,46
33,47
33,48
33,49
33,50
33,51
33,52
33,53
33,54
33,55
33,56
33,57
33,58
33,59
33,60
33,61
33,62
33,63
33,64
33,65
33,66
33,67
33,68
33,69
33,70
33,71
33,72
33,73
33,74
33,75
33,76
33,77
33,84
33,85
33,86
33,87
33,88
33,89
33,90
33,91
33,92
33,93
33,94
33,95
33,96
33,97
33,98
33,99
33,100
33,101
33,102
33,103
33,104
33,105
33,106
33,107
33,108
33,109
33,110
33,111
33,112
33,113
33,114
33,115
33,116
33,117
33,118
33,119
33,120
33,121
33,122
33,123
33,124
33,125
33,126
33,127
33,128
33,129
33,130
33,131
33,147
33,150
34,3
34,6
34,30
34,31
34,32
34,33
34,34
34,35
34,36
34,37
34,38
34,39
34,40
34,41
34,42
34,43
34,44
34,45
34,46
34,47
34,48
34,49
34,50
34,51
34,52
34,53
34,54
34,55
34,56
34,57
34,58
34,59
34,60
34,61
34,62
34,63
34,64
34,65
34,66
34,67
34,68
34,69
34,70
34,71
34,72
34,73
34,74
34,75
34,76
34,77
34,84
34,85
34,86
34,87
34,88
34,89
34,90
34,91
34,92
34,93
34,94
34,95
34,96
34,97
34,98
34,99
34,100
34,101
34,102
34,103
34,104
34,105
34,106
34,107
34,108
34,109
34,110
34,111
34,112
34,113
34,114
34,115
34,116
34,117
34,118
34,119
34,120
34,121
34,122
34,123
34,124
34,125
34,126
34,127
34,128
34,129
34,130
34,131
34,147
34,150
35,3
35,6
35,30
35,31
35,32
35,33
35,34
35,35
35,36
35,37
35,38
35,39
35,40
35,41
35,42
35,43
35,44
35,45
35,46
35,47
35,48
35,49
35,50
35,51
35,52
35,53
35,54
35,55
35,56
35,57
35,58
35,59
35,60
35,61
35,62
35,63
35,64
35,65
35,66
35,67
35,68
35,69
35,70
35,71
35,72
35,73
35,74
35,75
35,76
35,77
35,84
35,85
35,86
35,87
35,88
35,89
35,90
35,91
35,92
35,93
35,94
35,95
35,96
35,97
35,98
35,99
35,100
35,101
35,102
35,103
35,104
35,105
35,106
35,107
35,108
35,109
35,110
35,111
35,112
35,113
35,114
35,115
35,116
35,117
35,118
35,119
35,120
35,121
35,122
35,123
35,124
35,125
35,126
35,127
35,128
35,129
35,130
35,131
35,147
35,150
36,3
36,6
36,30
36,31
36,32
36,33
36,34
36,35
36,36
36,37
36,38
36,39
36,40
36,41
36,42
36,43
36,44
36,45
36,46
36,47
36,48
36,49
36,50
36,51
36,52
36,53
36,54
36,55
36,56
36,57
36,58
36,59
36,60
36,61
36,62
36,63
36,64
36,65
36,66
36,67
36,68
36,69
36,70
36,71
36,72
36,73
36,74
36,75
36,76
36,77
36,84
36,85
36,86
36,87
36,88
36,89
36,90
36,91
36,92
36,93
36,94
36,95
36,96
36,97
36,98
36,99
36,100
36,101
36,102
36,103
36,104
36,105
36,106
36,107
36,108
36,109
36,110
36,111
36,112
36,113
36,114
36,115
36,116
36,117
36,118
36,119
36,120
36,121
36,122
36,123
36,124
36,125
36,126
36,127
36,128
36,129
36,130
36,131
36,147
36,150
37,3
37,6
37,30
37,31
37,32
37,33
37,34
37,35
37,36
37,37
37,38
37,39
37,40
37,41
37,42
37,43
37,44
37,45
37,46
37,47
37,48
37,49
37,50
37,51
37,52
37,53
37,54
37,55
37,56
37,57
37,58
37,59
37,60
37,61
37,62
37,63
37,64
37,65
37,66
37,67
37,68
37,69
37,70
37,71
37,72
37,73
37,74
37,75
37,76
37,77
37,84
37,85
37,86
37,87
37,88
37,89
37,90
37,91
37,92
37,93
37,94
37,95
37,96
37,97
37,98
37,99
37,100
37,101
37,102
37,103
37,104
37,105
37,106
37,107
37,108
37,109
37,110
37,111
37,112
37,113
37,114
37,115
37,116
37,117
37,118
37,119
37,120
37,121
37,122
37,123
37,124
37,125
37,126
37,127
37,128
37,129
37,130
37,131
37,147
37,150
38,3
38,6
38,30
38,31
38,32
38,34
38,35
38,36
38,37
38,38
38,39
38,40
38,41
38,43
38,44
38,45
38,46
38,47
38,48
38,49
38,50
38,52
38,53
38,54
38,55
38,56
38,57
38,58
38,59
38,61
38,62
38,63
38,64
38,65
38,66
38,67
38,68
38,70
38,71
38,72
38,73
38,74
38,76
38,77
38,84
38,85
38,86
38,88
38,89
38,90
38,91
38,92
38,93
38,94
38,95
38,97
38,98
38,99
38,100
38,101
38,102
38,103
38,104
38,106
38,107
38,108
38,109
38,110
38,111
38,112
38,113
38,115
38,116
38,117
38,118
38,119
38,120
38,121
38,122
38,124
38,125
38,126
38,127
38,128
38,130
38,131
38,147
38,150
39,3
39,6
39,30
39,31
39,32
39,33
39,34
39,35
39,36
39,37
39,38
39,39
39,40
39,41
39,42
39,43
39,44
39,45
39,46
39,47
39,48
39,49
39,50
39,51
39,52
39,53
39,54
39,55
39,56
39,57
39,58
39,59
39,60
39,61
39,62
39,63
39,64
39,65
39,66
39,67
39,68
39,69
39,70
39,71
39,72
39,73
39,74
39,75
39,76
39,77
39,78
39,84
39,85
39,86
39,87
39,88
39,89
39,90
39,91
39,92
39,93
39,94
39,95
39,96
39,97
39,98
39,99
39,100
39,101
39,102
39,103
39,104
39,105
39,106
39,107
39,108
39,109
39,110
39,111
39,112
39,113
39,114
39,115
39,116
39,117
39,118
39,119
39,120
39,121
39,122
39,123
39,124
39,125
39,126
39,127
39,128
39,129
39,130
39,131
39,132
39,147
39,150
40,3
40,6
40,31
40,32
40,33
40,34
40,35
40,36
40,37
40,38
40,39
40,40
40,41
40,42
40,43
40,44
40,45
40,46
40,47
40,48
40,49
40,50
40,51
40,52
40,53
40,54
40,55
40,56
40,57
40,58
40,59
40,60
40,61
40,62
40,63
40,64
40,65
40,66
40,67
40,68
40,69
40,70
40,71
40,72
40,73
40,74
40,75
40,76
40,77
40,85
40,86
40,87
40,88
40,89
40,90
40,91
40,92
40,93
40,94
40,95
40,96
40,97
40,98
40,99
40,100
40,101
40,102
40,103
40,104
40,105
40,106
40,107
40,108
40,109
40,110
40,111
40,112
40,113
40,114
40,115
40,116
40,117
40,118
40,119
40,120
40,121
40,122
40,123
40,124
40,125
40,126
40,127
40,128
40,129
40,130
40,131
40,147
40,150
41,3
41,6
41,147
41,150
42,3
42,6
42,147
42,150
43,3
43,6
43,147
43,150
44,3
44,6
44,147
44,150
45,3
45,6
45,147
45,150
46,3
46,6
46,147
46,150
47,3
47,6
47,147
47,150
48,3
48,6
48,147
48,150
49,3
49,6
49,41
49,42
49,59
49,60
49,95
49,96
49,113
49,114
49,147
49,150
50,3
50,6
50,41
50,42
50,47
50,48
50,49
50,50
50,59
50,60
50,65
50,66
50,67
50,68
50,95
50,96
50,101
50,102
50,103
50,104
50,113
50,114
50,119
50,120
50,121
50,122
50,147
50,150
51,3
51,6
51,41
51,42
51,47
51,48
51,49
51,50
51,59
51,60
51,65
51,66
51,67
51,68
51,95
51,96
51,101
51,102
51,103
51,104
51,113
51,114
51,119
51,120
51,121
51,122
51,147
51,150
52,3
52,6
52,41
52,42
52,59
52,60
52,95
52,96
52,113
52,114
52,147
52,150
53,3
53,6
53,44
53,45
53,46
53,62
53,63
53,64
53,98
53,99
53,100
53,116
53,117
53,118
53,147
53,150
54,3
54,6
54,44
54,45
54,46
54,62
54,63
54,64
54,98
54,99
54,100
54,116
54,117
54,118
54,147
54,150
55,3
55,6
55,44
55,45
55,46
55,62
55,63
55,64
55,98
55,99
55,100
55,116
55,117
55,118
55,147
55,150
56,3
56,6
56,48
56,49
56,66
56,67
56,102
56,103
56,120
56,121
56,147
56,150
57,3
57,6
57,40
57,41
57,42
57,43
57,48
57,49
57,58
57,59
57,60
57,61
57,66
57,67
57,94
57,95
57,96
57,97
57,102
57,103
57,112
57,113
57,114
57,115
57,120
57,121
57,147
57,150
58,3
58,6
58,40
58,41
58,42
58,43
58,48
58,49
58,58
58,59
58,60
58,61
58,66
58,67
58,94
58,95
58,96
58,97
58,102
58,103
58,112
58,113
58,114
58,115
58,120
58,121
58,147
58,150
59,3
59,6
59,48
59,49
59,66
59,67
59,102
59,103
59,120
59,121
59,147
59,150
60,3
60,6
60,147
60,150
61,3
61,6
61,147
61,150
62,3
62,6
62,147
62,150
63,3
63,6
63,147
63,150
64,3
64,6
64,147
64,150
65,3
65,6
65,147
65,150
66,3
66,6
66,147
66,150
67,3
67,6
67,36
67,45
67,54
67,63
67,72
67,90
67,99
67,108
67,117
67,126
67,147
67,150
68,3
68,6
68,33
68,35
68,36
68,37
68,39
68,42
68,44
68,45
68,46
68,48
68,51
68,53
68,54
68,55
68,57
68,60
68,62
68,63
68,64
68,66
68,69
68,71
68,72
68,73
68,75
68,87
68,89
68,90
68,91
68,93
68,96
68,98
68,99
68,100
68,102
68,105
68,107
68,108
68,109
68,111
68,114
68,116
68,117
68,118
68,120
68,123
68,125
68,126
68,127
68,129
68,147
68,150
69,3
69,6
69,30
69,31
69,32
69,33
69,34
69,35
69,36
69,37
69,38
69,39
69,40
69,41
69,42
69,43
69,44
69,45
69,46
69,47
69,48
69,49
69,50
69,51
69,52
69,53
69,54
69,55
69,56
69,57
69,58
69,59
69,60
69,61
69,62
69,63
69,64
69,65
69,66
69,67
69,68
69,69
69,70
69,71
69,72
69,73
69,74
69,75
69,76
69,77
69,84
69,85
69,86
69,87
69,88
69,89
69,90
69,91
69,92
69,93
69,94
69,95
69,96
69,97
69,98
69,99
69,100
69,101
69,102
69,103
69,104
69,105
69,106
69,107
69,108
69,109
69,110
69,111
69,112
69,113
69,114
69,115
69,116
69,117
69,118
69,119
69,120
69,121
69,122
69,123
69,124
69,125
69,126
69,127
69,128
69,129
69,130
69,131
69,147
69,150
70,3
70,6
70,30
70,31
70,32
70,33
70,34
70,35
70,36
70,37
70,38
70,39
70,40
70,41
70,42
70,43
70,44
70,45
70,46
70,47
70,48
70,49
70,50
70,51
70,52
70,53
70,54
70,55
70,56
70,57
70,58
70,59
70,60
70,61
70,62
70,63
70,64
70,65
70,66
70,67
70,68
70,69
70,70
70,71
70,72
70,73
70,74
70,75
70,76
70,77
70,84
70,85
70,86
70,87
70,88
70,89
70,90
70,91
70,92
70,93
70,94
70,95
70,96
70,97
70,98
70,99
70,100
70,101
70,102
70,103
70,104
70,105
70,106
70,107
70,108
70,109
70,110
70,111
70,112
70,113
70,114
70,115
70,116
70,117
70,118
70,119
70,120
70,121
70,122
70,123
70,124
70,125
70,126
70,127
70,128
70,129
70,130
70,131
70,147
70,150
71,3
71,6
71,30
71,31
71,32
71,33
71,34
71,35
71,36
71,37
71,38
71,39
71,40
71,41
71,42
71,43
71,44
71,45
71,46
71,47
71,48
71,49
71,50
71,51
71,52
71,53
71,54
71,55
71,56
71,57
71,58
71,59
71,60
71,61
71,62
71,63
71,64
71,65
71,66
71,67
71,68
71,69
71,70
71,71
71,72
71,73
71,74
71,75
71,76
71,77
71,84
71,85
71,86
71,87
71,88
71,89
71,90
71,91
71,92
71,93
71,94
71,95
71,96
71,97
71,98
71,99
71,100
71,101
71,102
71,103
71,104
71,105
71,106
71,107
71,108
71,109
71,110
71,111
71,112
71,113
71,114
71,115
71,116
71,117
71,118
71,119
71,120
71,121
71,122
71,123
71,124
71,125
71,126
71,127
71,128
71,129
71,130
71,131
71,147
71,150
72,3
72,6
72,30
72,31
72,32
72,33
72,34
72,35
72,36
72,37
72,38
72,39
72,40
72,41
72,42
72,43
72,44
72,45
72,46
72,47
72,48
72,49
72,50
72,51
72,52
72,53
72,54
72,55
72,56
72,57
72,58
72,59
72,60
72,61
72,62
72,63
72,64
72,65
72,66
72,67
72,68
72,69
72,70
72,71
72,72
72,73
72,74
72,75
72,76
72,77
72,84
72,85
72,86
72,87
72,88
72,89
72,90
72,91
72,92
72,93
72,94
72,95
72,96
72,97
72,98
72,99
72,100
72,101
72,102
72,103
72,104
72,105
72,106
72,107
72,108
72,109
72,110
72,111
72,112
72,113
72,114
72,115
72,116
72,117
72,118
72,119
72,120
72,121
72,122
72,123
72,124
72,125
72,126
72,127
72,128
72,129
72,130
72,131
72,147
72,150
73,3
73,6
73,30
73,31
73,32
73,33
73,34
73,35
73,36
73,37
73,38
73,39
73,40
73,41
73,42
73,43
73,44
73,45
73,46
73,47
73,48
73,49
73,50
73,51
73,52
73,53
73,54
73,55
73,56
73,57
73,58
73,59
73,60
73,61
73,62
73,63
73,64
73,65
73,66
73,67
73,68
73,69
73,70
73,71
73,72
73,73
73,74
73,75
73,76
73,77
73,84
73,85
73,86
73,87
73,88
73,89
73,90
73,91
73,92
73,93
73,94
73,95
73,96
73,97
73,98
73,99
73,100
73,101
73,102
73,103
73,104
73,105
73,106
73,107
73,108
73,109
73,110
73,111
73,112
73,113
73,114
73,115
73,116
73,117
73,118
73,119
73,120
73,121
73,122
73,123
73,124
73,125
73,126
73,127
73,128
73,129
73,130
73,131
73,147
73,150
74,3
74,6
74,30
74,31
74,32
74,34
74,35
74,36
74,37
74,38
74,39
74,40
74,41
74,43
74,44
74,45
74,46
74,47
74,48
74,49
74,50
74,52
74,53
74,54
74,55
74,56
74,57
74,58
74,59
74,61
74,62
74,63
74,64
74,65
74,66
74,67
74,68
74,70
74,71
74,72
74,73
74,74
74,76
74,77
74,84
74,85
74,86
74,88
74,89
74,90
74,91
74,92
74,93
74,94
74,95
74,97
74,98
74,99
74,100
74,101
74,102
74,103
74,104
74,106
74,107
74,108
74,109
74,110
74,111
74,112
74,113
74,115
74,116
74,117
74,118
74,119
74,120
74,121
74,122
74,124
74,125
74,126
74,127
74,128
74,130
74,131
74,147
74,150
75,3
75,6
75,30
75,31
75,32
75,33
75,34
75,35
75,36
75,37
75,38
75,39
75,40
75,41
75,42
75,43
75,44
75,45
75,46
75,47
75,48
75,49
75,50
75,51
75,52
75,53
75,54
75,55
75,56
75,57
75,58
75,59
75,60
75,61
75,62
75,63
75,64
75,65
75,66
75,67
75,68
75,69
75,70
75,71
75,72
75,73
75,74
75,75
75,76
75,77
75,78
75,84
75,85
75,86
75,87
75,88
75,89
75,90
75,91
75,92
75,93
75,94
75,95
75,96
75,97
75,98
75,99
75,100
75,101
75,102
75,103
75,104
75,105
75,106
75,107
75,108
75,109
75,110
75,111
75,112
75,113
75,114
75,115
75,116
75,117
75,118
75,119
75,120
75,121
75,122
75,123
75,124
75,125
75,126
75,127
75,128
75,129
75,130
75,131
75,132
75,147
75,150
76,3
76,6
76,31
76,32
76,33
76,34
76,35
76,36
76,37
76,38
76,39
76,40
76,41
76,42
76,43
76,44
76,45
76,46
76,47
76,48
76,49
76,50
76,51
76,52
76,53
76,54
76,55
76,56
76,57
76,58
76,59
76,60
76,61
76,62
76,63
76,64
76,65
76,66
76,67
76,68
76,69
76,70
76,71
76,72
76,73
76,74
76,75
76,76
76,77
76,85
76,86
76,87
76,88
76,89
76,90
76,91
76,92
76,93
76,94
76,95
76,96
76,97
76,98
76,99
76,100
76,101
76,102
76,103
76,104
76,105
76,106
76,107
76,108
76,109
76,110
76,111
76,112
76,113
76,114
76,115
76,116
76,117
76,118
76,119
76,120
76,121
76,122
76,123
76,124
76,125
76,126
76,127
76,128
76,129
76,130
76,131
76,147
76,150
77,3
77,6
77,147
77,150
78,3
78,6
78,147
78,150
79,3
79,6
79,147
79,150
80,3
80,6
80,147
80,150
81,3
81,6
81,147
81,150
82,3
82,6
82,147
82,150
83,3
83,6
83,147
83,150
84,3
84,6
84,147
84,150
85,3
85,6
85,147
85,150
86,3
86,6
86,147
86,150
87,3
87,6
87,147
87,150
88,3
88,6
88,147
88,150
89,3
89,6
89,147
89,150
90,3
90,6
90,147
90,150
91,3
91,6
91,147
91,150
92,3
92,6
92,147
92,150
93,3
93,6
93,147
93,150
94,3
94,6
94,147
94,150
95,3
95,6
95,35
95,36
95,37
95,80
95,81
95,82
95,125
95,126
95,127
95,147
95,150
96,3
96,6
96,35
96,36
96,37
96,80
96,81
96,82
96,125
96,126
96,127
96,147
96,150
97,3
97,6
97,35
97,36
97,37
97,80
97,81
97,82
97,125
97,126
97,127
97,147
97,150
98,3
98,6
98,147
98,150
99,3
99,6
99,147
99,150
100,3
100,6
100,147
100,150
101,3
101,6
101,35
101,36
101,37
101,80
101,81
101,82
101,125
101,126
101,127
101,147
101,150
102,3
102,6
102,35
102,36
102,37
102,80
102,81
102,82
102,125
102,126
102,127
102,147
102,150
103,3
103,6
103,35
103,36
103,37
103,80
103,81
103,82
103,125
103,126
103,127
103,147
103,150
104,3
104,6
104,147
104,150
105,3
105,6
105,147
105,150
106,3
106,6
106,147
106,150
107,3
107,6
107,147
107,150
108,3
108,6
108,147
108,150
109,3
109,6
109,147
109,150
110,3
110,6
110,147
110,150
111,3
111,6
111,147
111,150
112,3
112,6
112,147
112,150
113,3
113,6
113,53
113,54
113,55
113,107
113,108
113,109
113,147
113,150
114,3
114,6
114,53
114,54
114,55
114,107
114,108
114,109
114,147
114,150
115,3
115,6
115,53
115,54
115,55
115,107
115,108
115,109
115,147
115,150
116,3
116,6
116,147
116,150
117,3
117,6
117,147
117,150
118,3
118,6
118,147
118,150
119,3
119,6
119,53
119,54
119,55
119,107
119,108
119,109
119,147
119,150
120,3
120,6
120,53
120,54
120,55
120,107
120,108
120,109
120,147
120,150
121,3
121,6
121,53
121,54
121,55
121,107
121,108
121,109
121,147
121,150
122,3
122,6
122,147
122,150
123,3
123,6
123,147
123,150
124,3
124,6
124,147
124,150
125,3
125,6
125,147
125,150
126,3
126,6
126,147
126,150
127,3
127,6
127,147
127,150
128,3
128,6
128,147
128,150
129,3
129,6
129,147
129,150
130,3
130,6
130,147
130,150
131,3
131,6
131,147
131,150
132,3
132,6
132,147
132,150
133,3
133,6
133,147
133,150
134,3
134,6
134,147
134,150
135,3
135,6
135,147
135,150
136,3
136,6
136,147
136,150
137,3
137,6
137,147
137,150
138,3
138,4
138,5
138,6
138,147
138,148
138,149
138,150
139,3
139,4
139,5
139,6
139,147
139,148
139,149
139,150
140,3
140,4
140,5
140,6
140,147
140,148
140,149
140,150
141,3
141,4
141,5
141,6
141,147
141,148
141,149
141,150
142,3
142,4
142,5
142,6
142,147
142,148
142,149
142,150
143,3
143,4
143,5
143,6
143,147
143,148
143,149
143,150
144,3
144,4
144,5
144,6
144,147
144,148
144,149
144,150
145,3
145,4
145,5
145,6
145,147
145,148
145,149
145,150
146,3
146,4
146,5
146,6
146,147
146,148
146,149
146,150
147,3
147,4
147,5
147,6
147,7
147,8
147,9
147,10
147,11
147,12
147,13
147,14
147,15
147,16
147,17
147,18
147,19
147,20
147,21
147,22
147,23
147,24
147,25
147,26
147,27
147,28
147,29
147,30
147,31
147,32
147,33
147,34
147,35
147,36
147,37
147,38
147,39
147,40
147,41
147,42
147,43
147,44
147,45
147,46
147,47
147,48
147,49
147,50
147,51
147,52
147,53
147,54
147,55
147,56
147,57
147,58
147,59
147,60
147,61
147,62
147,63
147,64
147,65
147,66
147,67
147,68
147,69
147,70
147,71
147,72
147,73
147,74
147,75
147,76
147,77
147,78
147,79
147,80
147,81
147,82
147,83
147,84
147,85
147,86
147,87
147,88
147,89
147,90
147,91
147,92
147,93
147,94
147,95
147,96
147,97
147,98
147,99
147,100
147,101
147,102
147,103
147,104
147,105
147,106
147,107
147,108
147,109
147,110
147,111
147,112
147,113
147,114
147,115
147,116
147,117
147,118
147,119
147,120
147,121
147,122
147,123
147,124
147,125
147,126
147,127
147,128
147,129
147,130
147,131
147,132
147,133
147,134
147,135
147,136
147,137
147,138
147,139
147,140
147,141
147,142
147,143
147,144
147,145
147,146
147,147
147,148
147,149
147,150
148,3
148,4
148,5
148,6
148,7
148,8
148,9
148,10
148,11
148,12
148,13
148,14
148,15
148,138
148,139
148,140
148,141
148,142
148,143
148,144
148,145
148,146
148,147
148,148
148,149
148,150
149,3
149,4
149,5
149,6
149,7
149,8
149,9
149,10
149,11
149,12
149,13
149,14
149,15
149,138
149,139
149,140
149,141
149,142
149,143
149,144
149,145
149,146
149,147
149,148
149,149
149,150
150,3
150,4
150,5
150,6
150,7
150,8
150,9
150,10
150,11
150,12
150,13
150,14
150,15
150,16
150,17
150,18
150,19
150,20
150,21
150,22
150,23
150,24
150,25
150,26
150,27
150,28
150,29
150,30
150,31
150,32
150,33
150,34
150,35
150,36
150,37
150,38
150,39
150,40
150,41
150,42
150,43
150,44
150,45
150,46
150,47
150,48
150,49
150,50
150,51
150,52
150,53
150,54
150,55
150,56
150,57
150,58
150,59
150,60
150,61
150,62
150,63
150,64
150,65
150,66
150,67
150,68
150,69
150,70
150,71
150,72
150,73
150,74
150,75
150,76
150,77
150,78
150,79
150,80
150,81
150,82
150,83
150,84
150,85
150,86
150,87
150,88
150,89
150,90
150,91
150,92
150,93
150,94
150,95
150,96
150,97
150,98
150,99
150,100
150,101
150,102
150,103
150,104
150,105
150,106
150,107
150,108
150,109
150,110
150,111
150,112
150,113
150,114
150,115
150,116
150,117
150,118
150,119
150,120
150,121
150,122
150,123
150,124
150,125
150,126
150,127
150,128
150,129
150,130
150,131
150,132
150,133
150,134
150,135
150,136
150,137
150,138
150,139
150,140
150,141
150,142
150,143
150,144
150,145
150,146
150,147
150,148
150,149
150,150
